350
1 1
2 1
4 9
11 567
11 590
12 89
13 56
14 217
14 254
17 384
18 415
18 548
19 88
21 68
23 139
23 148
23 204
24 400
25 97
27 146
27 374
27 482
32 263
32 417
34 90
34 421
36 22
36 487
38 567
39 319
44 486
45 206
45 327
45 436
50 257
51 108
52 21
59 321
59 581
62 535
63 24
63 483
69 314
70 41
71 245
74 109
75 371
77 111
77 139
79 34
80 47
83 195
84 194
86 418
93 317
96 124
99 18
99 68
101 408
103 244
105 168
105 349
107 52
107 411
107 481
108 81
108 525
110 271
110 575
115 23
119 175
120 459
120 582
123 362
123 432
123 456
124 46
124 592
125 82
128 228
129 450
130 159
131 11
134 298
141 17
143 213
146 135
146 214
147 10
147 425
147 515
148 357
155 346
157 58
157 486
158 125
158 286
161 222
161 530
162 395
164 72
170 279
174 372
177 445
179 29
179 276
180 494
181 151
188 420
192 558
192 573
195 201
197 112
197 328
198 147
200 482
201 43
202 29
202 490
203 191
205 243
206 379
207 285
211 337
212 92
213 478
216 333
219 423
221 391
224 8
227 553
229 181
231 89
233 275
233 276
234 77
237 124
240 194
240 202
241 312
242 363
242 464
242 575
243 63
243 85
243 196
244 432
244 527
246 195
248 499
249 558
252 43
261 111
262 294
262 581
264 276
264 403
269 228
274 375
276 11
276 353
277 121
280 243
280 544
281 167
284 15
284 481
288 149
292 341
294 49
294 567
295 91
296 422
297 180
297 210
298 270
300 334
300 473
302 543
306 75
306 310
306 506
312 12
316 390
320 144
321 438
322 229
323 26
323 33
324 65
324 93
329 369
329 459
330 229
331 179
331 255
331 565
335 538
337 117
337 414
339 162
340 212
341 121
342 521
345 26
345 347
350 216
350 291
350 382
351 493
353 69
355 243
358 17
359 170
361 510
361 583
362 111
367 470
370 163
370 226
376 391
378 308
379 126
382 311
383 447
385 67
385 427
389 207
389 502
389 567
390 69
393 41
397 11
397 347
398 119
399 100
400 409
400 478
401 366
403 64
405 387
411 149
412 245
412 253
414 186
414 269
414 593
415 194
416 535
418 444
420 536
421 549
423 522
425 124
425 474
428 301
429 393
432 275
432 453
436 500
440 338
440 379
443 434
444 109
446 183
447 51
448 91
449 101
454 123
456 276
456 567
458 149
460 384
460 465
461 315
462 520
464 231
467 27
467 39
467 160
469 71
469 413
473 475
475 430
479 310
485 200
485 594
490 22
491 109
492 171
493 28
494 358
494 559
499 282
501 152
501 221
504 71
504 392
505 112
506 257
511 126
515 533
516 326
516 444
522 217
522 379
523 483
526 517
530 500
531 267
535 98
535 394
536 332
537 318
538 306
539 560
540 63
540 173
543 212
543 432
544 437
545 25
545 48
547 392
551 439
551 477
553 48
553 125
553 209
554 163
558 280
561 566
562 248
563 231
563 493
564 124
564 346
565 591
567 234
568 539
570 31
571 304
581 51
581 505
582 159
582 271
584 110
591 591
593 342
593 426
0