P 1 1
P 2 1
P 4 9
P 11 567
P 11 590
P 12 89
P 13 56
P 14 217
P 14 254
P 17 384
P 18 415
P 18 548
P 19 88
P 21 68
P 23 139
P 23 148
P 23 204
P 24 400
P 25 97
P 27 146
P 27 374
P 27 482
P 32 263
P 32 417
P 34 90
P 34 421
P 36 22
P 36 487
P 38 567
P 39 319
P 44 486
P 45 206
P 45 327
P 45 436
P 50 257
P 51 108
P 52 21
P 59 321
P 59 581
P 62 535
P 63 24
P 63 483
P 69 314
P 70 41
P 71 245
P 74 109
P 75 371
P 77 111
P 77 139
P 79 34
P 80 47
P 83 195
P 84 194
P 86 418
P 93 317
P 96 124
P 99 18
P 99 68
P 101 408
P 103 244
P 105 168
P 105 349
P 107 52
P 107 411
P 107 481
P 108 81
P 108 525
P 110 271
P 110 575
P 115 23
P 119 175
P 120 459
P 120 582
P 123 362
P 123 432
P 123 456
P 124 46
P 124 592
P 125 82
P 128 228
P 129 450
P 130 159
P 131 11
P 134 298
P 141 17
P 143 213
P 146 135
P 146 214
P 147 10
P 147 425
P 147 515
P 148 357
P 155 346
P 157 58
P 157 486
P 158 125
P 158 286
P 161 222
P 161 530
P 162 395
P 164 72
P 170 279
P 174 372
P 177 445
P 179 29
P 179 276
P 180 494
P 181 151
P 188 420
P 192 558
P 192 573
P 195 201
P 197 112
P 197 328
P 198 147
P 200 482
P 201 43
P 202 29
P 202 490
P 203 191
P 205 243
P 206 379
P 207 285
P 211 337
P 212 92
P 213 478
P 216 333
P 219 423
P 221 391
P 224 8
P 227 553
P 229 181
P 231 89
P 233 275
P 233 276
P 234 77
P 237 124
P 240 194
P 240 202
P 241 312
P 242 363
P 242 464
P 242 575
P 243 63
P 243 85
P 243 196
P 244 432
P 244 527
P 246 195
P 248 499
P 249 558
P 252 43
P 261 111
P 262 294
P 262 581
P 264 276
P 264 403
P 269 228
P 274 375
P 276 11
P 276 353
P 277 121
P 280 243
P 280 544
P 281 167
P 284 15
P 284 481
P 288 149
P 292 341
P 294 49
P 294 567
P 295 91
P 296 422
P 297 180
P 297 210
P 298 270
P 300 334
P 300 473
P 302 543
P 306 75
P 306 310
P 306 506
P 312 12
P 316 390
P 320 144
P 321 438
P 322 229
P 323 26
P 323 33
P 324 65
P 324 93
P 329 369
P 329 459
P 330 229
P 331 179
P 331 255
P 331 565
P 335 538
P 337 117
P 337 414
P 339 162
P 340 212
P 341 121
P 342 521
P 345 26
P 345 347
P 350 216
P 350 291
P 350 382
P 351 493
P 353 69
P 355 243
P 358 17
P 359 170
P 361 510
P 361 583
P 362 111
P 367 470
P 370 163
P 370 226
P 376 391
P 378 308
P 379 126
P 382 311
P 383 447
P 385 67
P 385 427
P 389 207
P 389 502
P 389 567
P 390 69
P 393 41
P 397 11
P 397 347
P 398 119
P 399 100
P 400 409
P 400 478
P 401 366
P 403 64
P 405 387
P 411 149
P 412 245
P 412 253
P 414 186
P 414 269
P 414 593
P 415 194
P 416 535
P 418 444
P 420 536
P 421 549
P 423 522
P 425 124
P 425 474
P 428 301
P 429 393
P 432 275
P 432 453
P 436 500
P 440 338
P 440 379
P 443 434
P 444 109
P 446 183
P 447 51
P 448 91
P 449 101
P 454 123
P 456 276
P 456 567
P 458 149
P 460 384
P 460 465
P 461 315
P 462 520
P 464 231
P 467 27
P 467 39
P 467 160
P 469 71
P 469 413
P 473 475
P 475 430
P 479 310
P 485 200
P 485 594
P 490 22
P 491 109
P 492 171
P 493 28
P 494 358
P 494 559
P 499 282
P 501 152
P 501 221
P 504 71
P 504 392
P 505 112
P 506 257
P 511 126
P 515 533
P 516 326
P 516 444
P 522 217
P 522 379
P 523 483
P 526 517
P 530 500
P 531 267
P 535 98
P 535 394
P 536 332
P 537 318
P 538 306
P 539 560
P 540 63
P 540 173
P 543 212
P 543 432
P 544 437
P 545 25
P 545 48
P 547 392
P 551 439
P 551 477
P 553 48
P 553 125
P 553 209
P 554 163
P 558 280
P 561 566
P 562 248
P 563 231
P 563 493
P 564 124
P 564 346
P 565 591
P 567 234
P 568 539
P 570 31
P 571 304
P 581 51
P 581 505
P 582 159
P 582 271
P 584 110
P 591 591
P 593 342
P 593 426
E -16663 578 24 578
E -2094 236 34 236
E -1153 437 2 400
E -215 480 13 450
E -173 488 15 514
E -173 488 24 561
E -169 67 2 72
E -154 64 2 5
E -154 64 13 32
E -117 144 4 117
E -117 144 23 144
E -63 321 5 295
E -31 176 33 220
E -31 176 37 176
E -23 334 16 343
E -23 334 31 388
E 2 -700000 2 5
E 2 5 27 -1
E 2 72 14 77
E 2 72 38 48
E 2 400 26 409
E 2 400 31 388
E 4 117 17 96
E 4 117 31 118
E 5 295 34 238
E 5 295 49 289
E 13 32 27 -1
E 13 32 38 48
E 13 450 15 446
E 13 450 41 461
E 14 77 17 96
E 14 77 28 79
E 15 446 24 424
E 15 446 60 414
E 15 514 33 519
E 15 514 38 472
E 16 343 49 318
E 16 343 50 356
E 17 96 26 90
E 23 144 39 175
E 23 144 45 131
E 24 424 26 409
E 24 424 59 406
E 24 561 24 578
E 24 561 41 544
E 24 578 36 592
E 26 90 28 79
E 26 90 37 104
E 26 409 55 396
E 28 79 51 65
E 31 118 37 104
E 31 118 45 131
E 31 388 52 390
E 33 220 37 176
E 33 220 37 233
E 33 519 41 544
E 33 519 43 514
E 34 236 34 238
E 34 236 37 233
E 34 238 50 288
E 36 592 59 558
E 36 592 65 744
E 37 104 64 79
E 37 176 39 175
E 37 233 49 231
E 38 48 43 50
E 38 472 41 461
E 38 472 43 514
E 39 175 55 170
E 41 -24 45 45
E 41 461 50 461
E 41 544 59 558
E 43 50 45 45
E 43 50 51 65
E 43 514 57 509
E 45 45 53 38
E 45 131 51 135
E 49 231 69 218
E 49 231 76 279
E 49 289 50 288
E 49 289 51 299
E 49 318 51 299
E 49 318 62 348
E 50 288 76 280
E 50 356 52 390
E 50 356 62 348
E 50 461 57 509
E 50 461 76 451
E 51 65 59 71
E 51 135 56 170
E 51 135 62 125
E 51 299 78 338
E 52 390 55 396
E 53 38 70 31
E 53 38 72 -32
E 55 170 56 170
E 55 170 69 218
E 55 396 59 399
E 56 170 58 169
E 57 509 81 509
E 58 169 77 167
E 58 169 103 214
E 59 71 65 77
E 59 71 77 41
E 59 399 59 406
E 59 399 81 394
E 59 406 60 414
E 59 558 82 559
E 60 414 76 451
E 62 125 64 79
E 62 125 66 125
E 62 348 77 343
E 64 79 65 77
E 65 77 68 77
E 65 744 88 607
E 66 125 81 125
E 66 125 88 91
E 68 77 85 87
E 68 77 93 55
E 69 218 86 222
E 70 31 77 41
E 70 31 80 15
E 72 -32 80 15
E 76 279 76 280
E 76 279 88 262
E 76 280 84 288
E 76 451 84 454
E 77 41 95 39
E 77 167 98 146
E 77 167 104 188
E 77 343 79 341
E 77 343 100 374
E 78 338 79 341
E 78 338 84 288
E 79 -151 112 3
E 79 341 121 325
E 80 15 97 36
E 81 125 98 101
E 81 125 98 146
E 81 394 98 420
E 81 394 102 380
E 81 509 86 503
E 81 509 90 551
E 82 559 88 607
E 82 559 90 551
E 84 288 108 297
E 84 454 85 453
E 84 454 86 503
E 85 87 88 91
E 85 87 115 66
E 85 453 98 443
E 85 453 132 481
E 86 222 88 262
E 86 222 102 216
E 86 503 123 503
E 88 91 98 101
E 88 262 126 252
E 88 607 104 594
E 90 551 132 549
E 93 55 95 39
E 93 55 115 66
E 95 39 97 36
E 97 36 102 35
E 98 101 115 106
E 98 146 110 144
E 98 420 102 431
E 98 420 115 387
E 98 443 102 431
E 98 443 108 444
E 100 374 102 380
E 100 374 129 334
E 102 35 111 38
E 102 35 112 3
E 102 216 103 214
E 102 216 126 252
E 102 380 115 387
E 102 431 130 410
E 103 214 112 203
E 104 188 112 203
E 104 188 117 162
E 104 594 134 551
E 104 594 156 574
E 106 -510 139 9
E 108 297 121 325
E 108 297 136 272
E 108 444 117 444
E 108 444 138 474
E 110 144 117 162
E 110 144 120 135
E 111 38 121 64
E 111 38 130 30
E 112 3 129 25
E 112 203 118 203
E 115 66 117 66
E 115 106 117 66
E 115 106 125 113
E 115 387 131 392
E 117 66 121 64
E 117 162 148 183
E 117 444 138 437
E 117 444 142 469
E 118 203 140 226
E 118 203 148 183
E 120 135 125 113
E 120 135 156 159
E 121 64 136 64
E 121 325 129 329
E 123 503 131 493
E 123 503 133 542
E 125 113 134 109
E 126 252 140 258
E 129 25 130 30
E 129 25 139 9
E 129 329 129 334
E 129 329 158 316
E 129 334 131 339
E 130 30 145 39
E 130 410 133 399
E 130 410 138 437
E 131 339 140 382
E 131 339 164 359
E 131 392 133 399
E 131 392 140 382
E 131 493 132 481
E 131 493 163 504
E 132 481 138 474
E 132 549 133 542
E 132 549 134 551
E 133 399 167 416
E 133 542 167 510
E 134 109 150 97
E 134 109 163 144
E 134 551 155 567
E 136 64 144 73
E 136 64 145 39
E 136 272 140 258
E 136 272 158 316
E 138 437 153 448
E 138 474 142 469
E 139 9 159 26
E 140 226 146 232
E 140 226 155 182
E 140 258 148 255
E 140 382 154 376
E 142 469 154 459
E 144 73 150 97
E 144 73 181 55
E 145 39 156 35
E 146 232 150 253
E 146 232 167 193
E 148 183 155 182
E 148 255 150 253
E 148 255 178 307
E 150 97 171 100
E 150 253 166 250
E 153 448 154 459
E 153 448 168 426
E 154 376 164 359
E 154 376 186 393
E 154 459 176 470
E 155 182 159 180
E 155 567 156 574
E 155 567 157 566
E 156 35 159 26
E 156 35 180 52
E 156 159 159 180
E 156 159 163 144
E 156 574 207 756
E 157 566 194 524
E 157 566 211 566
E 158 316 167 317
E 159 26 185 -17
E 159 180 164 183
E 163 144 181 128
E 163 504 167 510
E 163 504 176 470
E 164 183 167 193
E 164 183 178 179
E 164 359 180 347
E 166 250 176 247
E 166 250 183 304
E 167 193 186 225
E 167 317 178 307
E 167 317 180 347
E 167 416 168 426
E 167 416 187 395
E 167 510 194 524
E 168 426 202 441
E 171 100 181 128
E 171 100 186 88
E 176 247 186 225
E 176 247 198 264
E 176 470 179 469
E 178 179 194 170
E 178 179 217 211
E 178 307 183 304
E 179 469 190 489
E 179 469 199 457
E 180 52 181 55
E 180 52 190 35
E 180 347 191 353
E 181 55 193 71
E 181 128 185 130
E 183 304 186 303
E 185 130 194 170
E 185 130 214 129
E 186 88 193 71
E 186 88 219 113
E 186 225 217 218
E 186 303 198 264
E 186 303 212 309
E 186 393 187 395
E 186 393 194 356
E 187 395 201 401
E 190 -5 190 35
E 190 -5 228 34
E 190 35 226 38
E 190 489 197 524
E 190 489 208 484
E 191 353 194 356
E 191 353 207 327
E 193 71 211 67
E 194 170 209 168
E 194 356 219 359
E 194 524 197 524
E 197 524 205 525
E 198 264 214 264
E 199 457 206 449
E 199 457 208 484
E 201 401 205 406
E 201 401 224 372
E 202 441 205 406
E 202 441 206 449
E 205 406 238 408
E 205 525 210 523
E 205 525 211 566
E 206 449 218 451
E 207 327 212 309
E 207 327 226 351
E 208 484 224 499
E 209 168 221 199
E 209 168 227 152
E 210 523 222 510
E 210 523 241 543
E 210 17564 449 603
E 211 67 220 58
E 211 67 220 80
E 211 566 217 576
E 211 713 217 576
E 211 713 254 570
E 212 309 216 308
E 214 129 219 113
E 214 129 227 152
E 214 264 218 276
E 214 264 239 243
E 216 308 226 296
E 216 308 241 338
E 217 211 217 218
E 217 211 221 199
E 217 218 237 235
E 217 576 236 563
E 218 276 226 296
E 218 276 248 276
E 218 451 225 447
E 218 451 234 483
E 219 113 224 108
E 219 359 224 372
E 219 359 226 351
E 220 58 226 44
E 220 58 245 74
E 220 80 224 108
E 220 80 236 84
E 221 199 222 198
E 222 198 240 198
E 222 198 246 178
E 222 510 224 499
E 222 510 271 517
E 224 108 242 105
E 224 372 245 387
E 224 499 234 483
E 225 447 238 408
E 225 447 272 450
E 226 38 226 44
E 226 38 228 34
E 226 44 271 63
E 226 296 242 292
E 226 351 241 338
E 227 152 250 155
E 228 34 250 16
E 234 483 260 479
E 236 84 243 104
E 236 84 245 74
E 236 563 241 543
E 236 563 254 570
E 237 235 239 243
E 237 235 258 211
E 238 408 240 408
E 239 243 248 250
E 240 198 243 192
E 240 198 246 202
E 240 408 245 387
E 240 408 270 429
E 241 338 253 337
E 241 543 260 540
E 242 105 243 104
E 242 105 258 134
E 242 292 248 283
E 242 292 269 323
E 243 104 269 86
E 243 192 246 178
E 243 192 246 202
E 245 74 271 74
E 245 387 253 383
E 246 178 254 169
E 246 202 258 211
E 248 250 248 276
E 248 250 254 251
E 248 276 248 283
E 248 283 284 287
E 250 16 271 32
E 250 16 335 -1463
E 250 155 254 169
E 250 155 257 147
E 253 337 260 363
E 253 337 267 325
E 253 383 260 363
E 253 383 290 396
E 254 169 273 193
E 254 251 279 263
E 254 251 287 226
E 254 570 269 562
E 257 147 259 144
E 257 147 297 163
E 258 134 259 144
E 258 134 278 101
E 258 211 272 202
E 259 144 301 128
E 260 363 298 366
E 260 479 272 450
E 260 479 276 510
E 260 540 269 562
E 260 540 271 517
E 267 325 269 323
E 267 325 298 366
E 269 86 271 74
E 269 86 278 101
E 269 323 278 317
E 269 562 274 564
E 270 429 274 448
E 270 429 290 396
E 271 32 274 36
E 271 32 295 -17
E 271 63 272 71
E 271 63 274 36
E 271 74 272 71
E 271 517 276 513
E 272 71 282 70
E 272 202 274 195
E 272 202 287 226
E 272 450 274 448
E 273 193 274 195
E 273 193 297 163
E 274 36 300 29
E 274 195 314 195
E 274 448 278 449
E 274 564 291 553
E 274 564 310 648
E 276 510 276 513
E 276 510 299 490
E 276 513 290 523
E 278 101 306 118
E 278 317 279 316
E 278 317 311 355
E 278 449 297 448
E 278 449 299 490
E 279 263 284 287
E 279 263 304 246
E 279 316 287 293
E 279 316 326 328
E 282 70 308 58
E 282 70 310 89
E 284 287 287 293
E 287 226 300 232
E 287 293 322 286
E 290 396 290 396
E 290 396 300 367
E 290 396 315 412
E 290 523 291 553
E 290 523 316 526
E 291 553 312 560
E 295 -17 300 29
E 297 163 306 161
E 297 448 309 455
E 297 448 316 418
E 298 366 300 367
E 299 490 324 486
E 300 29 303 30
E 300 232 304 246
E 300 232 319 207
E 300 367 302 367
E 301 128 306 118
E 301 128 306 161
E 302 367 311 355
E 302 367 333 386
E 302 1040 310 648
E 302 1040 386 595
E 303 30 304 30
E 303 30 313 49
E 304 30 334 6
E 304 30 334 30
E 304 246 308 248
E 306 118 308 117
E 306 161 314 165
E 308 58 313 49
E 308 58 320 79
E 308 117 308 117
E 308 117 310 89
E 308 117 328 130
E 308 117 345 97
E 308 248 323 282
E 308 248 326 242
E 309 455 324 486
E 309 455 349 439
E 310 89 320 79
E 310 648 316 625
E 311 355 321 346
E 312 560 316 625
E 312 560 320 550
E 313 49 340 48
E 314 165 314 195
E 314 165 320 163
E 314 195 319 200
E 315 412 316 418
E 315 412 335 395
E 316 418 349 439
E 316 526 320 522
E 316 526 320 550
E 316 625 357 555
E 319 200 319 207
E 319 200 350 191
E 319 207 326 215
E 320 79 337 79
E 320 163 340 142
E 320 163 345 175
E 320 522 329 501
E 320 522 366 541
E 320 550 357 555
E 321 346 326 328
E 321 346 346 365
E 322 286 323 282
E 322 286 336 318
E 323 282 352 267
E 324 486 325 486
E 325 486 329 501
E 325 486 346 472
E 326 215 326 242
E 326 215 341 224
E 326 242 339 242
E 326 328 336 318
E 328 130 340 142
E 328 130 348 110
E 329 501 347 507
E 333 386 335 395
E 333 386 346 365
E 334 6 334 30
E 334 6 337 0
E 334 30 340 48
E 335 395 357 404
E 336 318 352 319
E 337 0 366 43
E 337 79 341 49
E 337 79 348 92
E 339 242 345 231
E 339 242 352 267
E 340 48 341 49
E 340 142 355 142
E 341 49 366 44
E 341 224 345 231
E 341 224 353 193
E 345 97 348 92
E 345 97 348 110
E 345 175 350 191
E 345 175 355 151
E 345 231 356 229
E 346 365 371 361
E 346 472 354 444
E 346 472 372 490
E 347 507 366 541
E 347 507 371 493
E 348 92 370 87
E 348 110 359 132
E 349 439 353 440
E 350 191 353 193
E 352 267 378 270
E 352 319 365 330
E 352 319 380 274
E 353 -148 379 24
E 353 193 366 195
E 353 440 354 444
E 353 440 357 434
E 354 444 385 466
E 355 142 355 151
E 355 142 358 140
E 355 151 377 186
E 356 229 368 205
E 356 229 383 252
E 357 404 363 413
E 357 404 372 362
E 357 434 363 413
E 357 434 400 439
E 357 555 362 552
E 358 140 359 132
E 358 140 388 148
E 359 132 381 107
E 362 552 368 542
E 362 552 386 595
E 363 413 381 409
E 365 330 371 337
E 365 330 396 288
E 366 43 366 44
E 366 43 379 24
E 366 44 368 47
E 366 195 368 205
E 366 195 377 186
E 366 541 368 542
E 368 47 370 87
E 368 47 392 55
E 368 205 393 230
E 368 542 383 535
E 370 87 376 90
E 371 337 371 361
E 371 337 408 321
E 371 361 372 362
E 371 493 372 490
E 371 493 383 534
E 372 362 372 362
E 372 362 389 379
E 372 362 420 352
E 372 490 381 484
E 376 90 379 89
E 376 90 381 107
E 377 186 389 181
E 378 270 380 274
E 378 270 381 265
E 379 24 423 30
E 379 89 392 56
E 379 89 403 82
E 380 274 396 288
E 381 107 383 109
E 381 265 383 252
E 381 265 427 259
E 381 409 391 395
E 381 409 405 429
E 381 484 385 466
E 381 484 412 498
E 383 109 394 138
E 383 109 414 110
E 383 252 385 249
E 383 534 383 535
E 383 534 402 519
E 383 535 400 549
E 385 249 393 230
E 385 249 438 249
E 385 466 401 457
E 386 595 412 570
E 388 148 394 138
E 388 148 395 169
E 389 181 395 169
E 389 181 398 192
E 389 379 391 395
E 389 379 420 373
E 391 395 414 401
E 392 55 392 56
E 392 55 421 43
E 392 56 403 82
E 393 230 411 219
E 394 138 410 132
E 395 169 428 166
E 396 288 402 293
E 398 192 411 219
E 398 192 430 188
E 400 439 401 457
E 400 439 405 429
E 400 549 412 570
E 400 549 416 543
E 401 457 410 462
E 402 293 408 321
E 402 293 418 286
E 402 519 412 501
E 402 519 420 529
E 403 82 421 84
E 405 429 423 419
E 408 321 415 326
E 410 132 414 110
E 410 132 434 146
E 410 462 415 493
E 410 462 418 460
E 411 219 433 221
E 412 498 412 501
E 412 498 415 493
E 412 501 442 519
E 412 570 431 573
E 414 110 422 101
E 414 401 421 375
E 414 401 424 418
E 415 326 420 352
E 415 326 441 317
E 415 493 445 481
E 416 543 420 529
E 416 543 446 541
E 418 286 427 259
E 418 286 443 290
E 418 460 431 440
E 418 460 442 468
E 420 352 425 358
E 420 373 421 375
E 420 373 425 358
E 420 529 443 534
E 421 43 423 30
E 421 43 429 71
E 421 84 423 95
E 421 84 429 71
E 421 375 447 395
E 422 101 423 95
E 422 101 439 123
E 423 30 432 18
E 423 95 434 97
E 423 419 424 418
E 423 419 431 440
E 424 418 445 410
E 425 358 456 358
E 427 259 438 249
E 428 166 430 188
E 428 166 434 160
E 429 71 449 71
E 430 188 439 213
E 431 440 450 451
E 431 573 447 542
E 431 573 449 603
E 432 18 450 33
E 432 18 455 -83
E 433 221 439 213
E 433 221 441 248
E 434 97 456 111
E 434 97 471 94
E 434 146 434 160
E 434 146 440 138
E 434 160 450 165
E 438 249 441 248
E 439 123 440 138
E 439 123 456 111
E 439 213 459 205
E 440 138 479 133
E 441 248 445 251
E 441 317 449 297
E 441 317 469 343
E 442 468 445 481
E 442 468 450 451
E 442 519 443 534
E 442 519 460 496
E 443 290 445 251
E 443 290 449 297
E 443 534 446 541
E 445 251 477 257
E 445 410 449 403
E 445 410 458 426
E 445 481 454 486
E 446 541 447 542
E 447 395 449 403
E 447 395 456 358
E 447 542 471 545
E 449 71 463 55
E 449 71 471 94
E 449 297 465 295
E 449 403 481 393
E 449 603 477 573
E 450 33 463 55
E 450 33 480 33
E 450 165 469 183
E 450 165 480 140
E 450 451 461 445
E 454 486 460 496
E 454 486 480 453
E 455 -83 480 31
E 456 111 469 108
E 456 358 465 355
E 458 426 461 445
E 458 426 493 414
E 459 205 469 183
E 459 205 481 220
E 460 496 493 504
E 461 445 480 453
E 463 55 486 54
E 465 295 476 287
E 465 295 477 337
E 465 355 469 343
E 465 355 484 380
E 469 108 472 95
E 469 108 479 133
E 469 183 472 182
E 469 343 477 337
E 471 94 472 95
E 471 545 477 573
E 471 545 487 532
E 472 95 486 86
E 472 182 484 156
E 472 182 512 191
E 476 287 480 263
E 476 287 503 306
E 477 257 480 263
E 477 257 487 241
E 477 337 491 333
E 477 573 516 583
E 479 133 481 134
E 480 31 480 33
E 480 31 518 12
E 480 33 488 52
E 480 140 481 134
E 480 140 484 156
E 480 263 514 273
E 480 453 490 453
E 481 134 488 132
E 481 220 487 241
E 481 220 508 199
E 481 393 484 380
E 481 393 493 414
E 484 156 516 171
E 484 380 504 373
E 486 54 486 86
E 486 54 488 52
E 486 86 502 92
E 487 241 515 237
E 487 532 493 506
E 487 532 517 556
E 488 52 516 45
E 488 132 495 125
E 488 132 528 148
E 490 453 500 467
E 490 453 501 420
E 491 333 503 306
E 491 333 519 352
E 493 414 501 420
E 493 504 493 506
E 493 504 494 503
E 493 506 538 537
E 494 503 500 467
E 494 503 501 502
E 495 125 502 92
E 495 125 523 112
E 500 467 533 461
E 501 420 518 416
E 501 502 538 487
E 501 502 550 514
E 502 92 514 91
E 503 306 514 302
E 504 373 519 394
E 504 373 520 353
E 508 199 512 191
E 508 199 515 237
E 512 191 515 189
E 514 91 523 112
E 514 91 525 79
E 514 273 522 289
E 514 273 526 242
E 514 302 522 289
E 514 302 522 311
E 515 189 516 171
E 515 189 528 194
E 515 237 526 242
E 516 45 518 47
E 516 45 520 36
E 516 171 528 148
E 516 583 517 556
E 516 583 525 598
E 517 556 538 537
E 518 12 520 36
E 518 12 582 -1151
E 518 47 525 79
E 518 47 549 58
E 518 416 519 394
E 518 416 520 417
E 519 352 520 353
E 519 352 527 324
E 519 394 538 378
E 520 36 549 36
E 520 353 540 359
E 520 417 529 437
E 520 417 544 412
E 522 289 539 286
E 522 311 527 324
E 522 311 555 313
E 523 112 532 120
E 525 79 564 84
E 525 598 545 581
E 525 598 578 2006
E 526 242 536 240
E 527 324 556 326
E 528 148 531 146
E 528 194 538 237
E 528 194 543 192
E 529 437 535 459
E 529 437 549 433
E 531 146 532 145
E 531 146 560 186
E 532 120 532 145
E 532 120 557 103
E 532 145 560 144
E 533 461 535 459
E 533 461 538 487
E 535 459 542 458
E 536 240 538 238
E 536 240 550 263
E 538 237 538 238
E 538 237 552 223
E 538 238 560 239
E 538 378 544 412
E 538 378 545 365
E 538 487 546 493
E 538 537 543 535
E 539 286 550 263
E 539 286 554 298
E 540 359 545 365
E 540 359 556 326
E 542 458 549 433
E 542 458 580 458
E 543 192 552 223
E 543 192 560 186
E 543 535 553 517
E 543 535 554 550
E 544 412 566 414
E 545 365 583 379
E 545 581 554 550
E 545 581 578 576
E 546 493 550 514
E 546 493 586 463
E 549 36 549 58
E 549 36 556 34
E 549 58 565 71
E 549 433 566 414
E 550 263 566 265
E 550 514 553 517
E 552 223 583 209
E 553 517 560 517
E 554 298 555 313
E 554 298 574 287
E 554 550 592 560
E 555 313 559 324
E 556 34 567 45
E 556 34 168566 -700010
E 556 326 559 324
E 557 103 560 144
E 557 103 561 98
E 559 324 576 326
E 560 144 566 145
E 560 186 572 186
E 560 239 583 209
E 560 239 585 248
E 560 517 594 467
E 560 517 629 543
E 561 98 564 84
E 561 98 586 135
E 564 84 568 81
E 565 71 567 45
E 565 71 568 81
E 566 145 572 186
E 566 145 586 135
E 566 265 574 287
E 566 265 585 248
E 566 414 566 414
E 566 414 580 458
E 566 414 588 384
E 567 45 700706 -385030
E 568 81 700706 -35519
E 572 186 597 201
E 574 287 619 302
E 576 326 583 379
E 576 326 619 302
E 578 576 578 2006
E 578 576 592 560
E 580 458 586 463
E 583 209 597 201
E 583 379 588 384
E 585 248 667 215
E 586 135 1735 182
E 586 463 594 467
E 588 384 700733 384
E 592 560 629 543
E 594 467 894 512
E 597 201 667 215
E 619 302 1178 215
E 629 543 894 512
E 667 215 1178 215
